[[ 107  857]
 [1422  858]
 [1221  770]
 [1231  774]
 [1214  775]
 [1216  775]
 [ 425  828]
 [1199  776]
 [ 535  825]
 [1275  824]
 [ 992  659]
 [1397  665]
 [ 222  870]
 [1198  808]
 [ 946  931]
 [1212  807]
 [1241  803]
 [1006  926]
 [1207  802]
 [1200  801]
 [ 873  927]
 [1196  718]
 [1252  827]
 [1326  825]
 [ 915  720]
 [ 317  857]
 [1013  961]
 [1444  792]
 [1327  822]
 [ 135  859]
 [1204  805]
 [1397  844]
 [ 123  819]
 [1394  833]
 [1414  761]
 [1419  787]
 [1334  835]
 [1311  835]
 [ 474  810]
 [1005  922]
 [ 717  981]
 [1324  821]
 [ 453  832]
 [ 857  923]
 [ 573  859]
 [1383  617]
 [ 919  895]
 [ 715  835]
 [ 913  977]
 [1276  840]
 [ 537  820]
 [ 901  933]
 [1315  830]
 [ 754  879]
 [ 714  984]
 [1405  708]
 [ 200  877]
 [1256  807]
 [1198  807]
 [ 178  871]
 [ 955  784]
 [1046  825]
 [1011  784]
 [1249  826]
 [ 153  813]
 [1358  834]
 [ 966  793]
 [ 206  861]
 [1008  657]
 [1380  842]
 [1336  832]
 [ 424  828]
 [ 283  816]
 [ 211  867]
 [ 909  979]
 [1338  840]
 [1058  802]
 [1356  831]
 [ 169  867]
 [ 780 1034]
 [1005  817]
 [ 967  919]
 [ 716  980]
 [  94  780]
 [1230  765]
 [ 732  990]
 [ 418  830]
 [1432  796]
 [1274  831]
 [ 909  988]
 [ 473  832]
 [ 184  875]
 [ 191  875]
 [1211  806]
 [ 195  876]
 [ 637  928]
 [ 221  869]
 [1317  819]
 [ 181  864]
 [1389  830]
 [1344  826]
 [ 912  760]
 [ 682  982]
 [1347  828]
 [ 993  646]
 [1416  797]
 [ 108  861]
 [1369  840]
 [ 891  979]
 [1388  828]
 [1195  718]
 [ 891  995]
 [ 551  843]
 [1283  819]
 [1424  849]
 [ 459  827]
 [ 418  829]
 [ 910  718]
 [1200  800]
 [ 475  831]
 [ 209  850]
 [1397  694]
 [ 952  772]
 [1211  805]
 [ 889  993]
 [ 210  867]
 [ 846  990]
 [ 179  867]
 [ 908  976]
 [  95  781]
 [ 748  995]
 [ 508  836]
 [1372  843]
 [1301  820]
 [ 103  858]
 [ 587  886]
 [ 521  820]
 [1074  813]
 [1358  834]
 [1316  819]
 [1057  801]
 [ 107  862]
 [1011  783]
 [  97  779]
 [ 105  773]
 [ 431  812]
 [ 684  982]
 [ 178  870]
 [ 872  922]
 [ 964  794]
 [ 889  993]
 [1405  690]
 [ 910  989]
 [ 574  866]
 [1223  802]
 [1194  711]
 [ 508  835]
 [ 414  821]
 [ 476  831]
 [1067  800]
 [ 217  875]
 [ 848  974]
 [1007  955]
 [1391  829]
 [ 891  978]
 [ 950  773]
 [ 915  721]
 [ 910  716]
 [ 838  918]
 [ 507  836]
 [1012  786]
 [ 184  821]
 [ 962  873]
 [ 898  962]
 [ 405  821]
 [ 539  821]
 [1318  821]
 [ 522  821]
 [ 910  990]
 [ 470  833]
 [ 542  828]
 [1005  950]
 [ 194  826]
 [ 415  811]
 [ 570  865]
 [ 167  862]
 [ 197  859]
 [ 955  782]
 [ 821  970]
 [ 271  806]
 [1182  794]
 [ 910  991]
 [1065  815]
 [ 967  686]
 [ 910  686]
 [ 964  874]
 [ 683  946]
 [1089  803]
 [ 845  988]
 [ 412  816]
 [ 842  917]
 [ 136  809]
 [1307  820]
 [ 523  820]
 [ 945  770]
 [ 913  756]
 [ 953  781]
 [ 842  906]
 [ 569  867]
 [ 512  838]
 [ 820  967]
 [1078  802]
 [ 433  802]]
