[[ 331  850]
 [ 425  828]
 [ 428  804]
 [ 205  861]
 [ 579  887]
 [ 580  884]
 [ 319  862]
 [ 316  862]
 [ 174  862]
 [ 181  864]
 [ 317  857]
 [ 210  849]
 [ 103  860]
 [ 108  860]
 [ 458  807]
 [ 110  861]
 [ 332  852]
 [ 474  810]
 [ 748  993]
 [ 106  775]
 [ 222  870]
 [ 169  867]
 [ 535  825]
 [ 169  870]
 [ 415  818]
 [ 178  871]
 [ 371  818]
 [ 462  828]
 [ 474  831]
 [ 244  811]
 [ 283  816]
 [ 404  828]
 [ 193  876]
 [ 185  877]
 [ 471  836]
 [ 204  879]
 [ 426  833]
 [ 456  836]
 [ 552  845]
 [ 218  870]
 [ 153  813]
 [ 128  819]
 [ 376  821]
 [ 482  843]
 [ 607  831]
 [ 329  817]
 [ 573  859]
 [  94  780]
 [ 453  832]
 [ 892  979]
 [ 458  807]
 [ 104  856]
 [ 166  866]
 [ 172  862]
 [ 181  864]
 [ 222  870]
 [ 210  849]
 [ 181  864]
 [ 191  875]
 [ 331  850]
 [1222  796]
 [ 572  863]
 [  95  779]
 [ 428  804]
 [ 153  813]
 [1004  818]
 [ 464  832]
 [ 218  874]
 [ 462  828]
 [ 415  818]
 [ 522  818]
 [ 481  842]
 [ 552  845]
 [ 580  884]
 [ 421  831]
 [ 418  830]
 [ 579  887]
 [ 453  831]
 [ 403  828]
 [ 570  908]
 [ 510  836]
 [ 637  860]
 [ 641  855]
 [ 483  837]
 [ 329  817]
 [ 329  817]
 [ 573  859]
 [ 469  823]
 [ 453  831]
 [ 629  813]
 [ 641  855]
 [ 100  775]
 [ 552  844]
 [ 470  835]
 [ 551  843]
 [ 243  812]
 [ 282  815]
 [ 374  820]
 [ 329  817]
 [ 462  828]
 [ 429  825]
 [ 535  824]
 [ 217  875]
 [ 522  818]
 [ 331  848]
 [ 577  870]
 [ 209  850]
 [ 183  876]
 [ 178  869]
 [ 578  885]
 [ 205  860]
 [ 181  864]
 [ 201  862]
 [ 164  861]
 [ 848  974]
 [ 182  864]
 [ 427  830]
 [ 576  869]
 [ 221  869]
 [ 205  861]
 [ 178  870]
 [ 205  860]
 [  97  779]
 [ 475  831]
 [ 419  829]
 [ 105  773]
 [ 463  830]
 [ 424  826]
 [ 521  819]
 [ 124  819]
 [ 414  820]
 [ 243  812]
 [ 452  834]
 [ 531  820]
 [ 331  848]
 [ 470  833]
 [ 174  803]
 [ 509  836]
 [ 330  817]
 [ 192  823]
 [ 551  843]
 [ 400  825]
 [ 470  832]
 [ 452  834]
 [ 427  829]
 [ 582  872]
 [ 400  825]
 [ 217  875]
 [ 521  820]
 [ 431  812]
 [1221  790]
 [1222  796]
 [ 209  850]
 [ 104  771]
 [ 184  821]
 [ 197  859]
 [ 192  823]
 [ 184  863]
 [ 170  864]
 [ 219  868]
 [ 575  869]
 [ 565  867]
 [ 639  855]
 [ 373  821]
 [ 405  821]
 [ 427  808]
 [  98  779]
 [ 181  868]
 [ 169  863]
 [ 582  872]
 [ 574  866]
 [  95  761]
 [ 221  868]
 [ 418  827]
 [ 427  829]
 [ 414  821]
 [ 534  823]
 [ 541  827]
 [ 125  818]
 [ 405  821]
 [ 330  816]
 [ 568  866]
 [ 400  825]
 [ 435  806]
 [ 405  821]
 [ 418  827]
 [ 405  821]
 [ 572  865]
 [ 101  770]
 [ 185  821]
 [  98  779]
 [ 207  852]
 [ 522  821]
 [ 537  828]
 [ 477  831]
 [ 194  824]
 [ 574  860]
 [ 319  836]
 [ 193  859]
 [ 186  867]
 [ 218  870]
 [ 136  809]
 [ 168  863]
 [ 207  852]
 [ 418  827]
 [ 125  816]
 [ 455  827]
 [ 585  862]
 [ 433  802]
 [ 171  802]
 [ 333  816]
 [ 468  830]
 [ 193  824]]
