read in img from ./testdata/2.png
[[106  68]
 [107  80]
 [110   8]
 [110  83]
 [110  98]
 [110 323]
 [111  88]
 [111 102]
 [114 101]
 [119 328]
 [123 122]
 [126 327]
 [133 147]
 [136 334]
 [140 164]
 [142 173]
 [143 169]
 [145 497]
 [147 179]
 [150 334]
 [152 398]
 [153 182]
 [160 193]
 [162 339]
 [164 457]
 [166 470]
 [168 463]
 [173 341]
 [174 206]
 [174 433]
 [176  80]
 [179 207]
 [183 333]
 [188  76]
 [190 210]
 [197 212]
 [198 371]
 [198 406]
 [201 321]
 [202 322]
 [203  89]
 [205 319]
 [206 110]
 [212 402]
 [213 390]
 [214 124]
 [214 190]
 [215 389]
 [217 392]
 [219 190]
 [223 314]
 [229 135]
 [233 303]
 [237 328]
 [238 212]
 [240 215]
 [245 144]
 [253 302]
 [254 149]
 [257 323]
 [257 347]
 [258 128]
 [258 134]
 [265 426]
 [266 208]
 [268 158]
 [270 130]
 [271  86]
 [273  33]
 [277 432]
 [278  22]
 [278  89]
 [280 300]
 [282 463]
 [291 338]
 [292 416]
 [293  82]
 [295  97]
 [296  70]
 [297  78]
 [297 100]
 [297 313]
 [298 103]
 [303  87]
 [304 313]
 [304 430]
 [311 188]
 [317 390]
 [325 370]
 [326 418]
 [327 178]
 [331 175]
 [335 398]
 [335 413]
 [336 160]
 [340 159]
 [340 400]
 [342 154]
 [347 137]
 [353 124]
 [366 118]
 [383 112]
 [391 108]
 [392 104]
 [398 105]
 [400 101]
 [400 444]
 [417  91]
 [418  87]
 [441 354]
 [451 405]
 [453 372]
 [458 379]
 [458 391]
 [478  81]
 [495 238]
 [497  78]
 [497 338]]
