[[ 18 198]
 [ 20  78]
 [ 20 134]
 [ 20 158]
 [ 22  74]
 [ 22 168]
 [ 22 233]
 [ 22 253]
 [ 22 282]
 [ 26  72]
 [ 28 128]
 [ 31 109]
 [ 31 187]
 [ 31 272]
 [ 32  70]
 [ 33 218]
 [ 34 140]
 [ 34 211]
 [ 36  68]
 [ 36 120]
 [ 36 284]
 [ 40 144]
 [ 42  74]
 [ 42  86]
 [ 42 152]
 [ 42 164]
 [ 42 236]
 [ 42 250]
 [ 44 134]
 [ 46 106]
 [ 46 184]
 [ 46 268]
 [ 48  68]
 [ 48  80]
 [ 48  94]
 [ 48 158]
 [ 48 172]
 [ 48 198]
 [ 48 210]
 [ 48 220]
 [ 48 230]
 [ 48 242]
 [ 48 256]
 [ 48 282]
 [ 51 106]
 [ 51 184]
 [ 51 269]
 [ 53  93]
 [ 53 171]
 [ 53 209]
 [ 53 220]
 [ 53 230]
 [ 53 256]
 [ 90 164]
 [ 90 196]
 [ 92 158]
 [ 92 202]
 [ 94 152]
 [ 94 208]
 [ 96 148]
 [ 96 212]
 [ 98 216]
 [102 130]
 [102 222]
 [103 125]
 [104 108]
 [104 119]
 [108 113]
 [108 160]
 [109 136]
 [112  90]
 [117 130]
 [118 238]
 [120  80]
 [122  76]
 [122 127]
 [122 240]
 [124 126]
 [126  70]
 [126 165]
 [126 242]
 [128 207]
 [129 181]
 [130  66]
 [130 244]
 [131 141]
 [132 139]
 [134 226]
 [136  62]
 [136 246]
 [137 214]
 [139 112]
 [142  60]
 [143 112]
 [144 165]
 [145 193]
 [145 198]
 [145 211]
 [148 156]
 [150  60]
 [154 130]
 [156  62]
 [159 259]
 [160  64]
 [160 245]
 [161 133]
 [161 232]
 [162 117]
 [164 160]
 [166  70]
 [166 110]
 [166 210]
 [168  74]
 [168 160]
 [168 266]
 [170  78]
 [172  92]
 [175 102]
 [175 197]
 [176 126]
 [177 232]
 [178 127]
 [178 196]
 [178 240]
 [179 103]
 [180 105]
 [180 239]
 [181 129]
 [182 229]
 [182 238]
 [184 237]
 [186 133]
 [186 225]
 [187 235]
 [188 222]
 [190 216]
 [191 232]
 [192 139]
 [197 282]
 [199 277]
 [201 128]
 [204 253]
 [205 153]
 [209 231]
 [210 193]
 [211 152]
 [212 225]
 [213 177]
 [220 122]
 [221 145]
 [221 204]
 [223 198]
 [224 124]
 [224 202]
 [226 128]
 [226 262]
 [228 132]
 [230 260]
 [234 256]
 [235 218]
 [237 236]
 [240 234]]
